2425
2411
2406
2397
2395
2393
2391
2388
2380
2374
2365
2356
2355
2353
2346
2334
2332
2325
2323
2298
2295
2281
2277
2266
2258
2242
2235
2207
2204
2175
2142
2131
2106
2088
2078
2074
2073
2068
2067
2049
2018
2013
2001
1991
1987
1972
1952
1949
1947
1929
1927
1926
1914
1911
1910
1906
1902
1898
1891
1877
1873
1843
1807
1787
1778
1776
1774
1742
1707
1691
1689
1688
1670
1656
1637
1612
1611
1607
1603
1602
1601
1569
1565
1556
1543
1542
1541
1539
1538
1492
1491
1474
1461
1420
1410
1404
1384
1361
1342
1324
1313
1309
1305
1279
1274
1269
1268
1257
1251
1250
1231
1227
1219
1218
1183
1176
1149
1147
1107
1098
1093
1085
1083
1076
1065
1032
1006
1003
998
995
990
980
977
974
973
972
970
968
967
966
951
906
877
868
851
848
845
819
814
782
778
770
769
756
746
740
704
695
691
689
688
667
652
611
593
290
277
110
109
107
104
103
87
34
32
31
27
21
12
10
9
7
1
